1002 1002 1004 1002 
1001 1004 1003 1004 
1000 1004 1004 1004 
1002 1007 1005 1006 
1002 1006 1006 1006 
1001 1007 1008 1002 
1000 1003 1009 1008 
1002 1009 1008 1004 
1004 1007 1008 1007 
1003 5798 1006 1001 
1001 1001 6384 1005 
1000 1006 1007 1005 
1001 1002 1006 1002 
1002 1004 1007 1009 
1000 1007 1004 1009 
1001 1007 1005 1002 
1002 8876 1007 1005 
1001 1002 1008 4265 
1000 1001 1005 1004 
1004 1005 1002 1007 
1002 6526 1001 1000 
1004 2125 1008 1006 
1003 1004 3173 1002 
1004 1004 6767 1006 
1005 1007 1004 1001 
1007 1000 1002 1004 
1009 8679 1000 1001 
1008 1000 9234 1000 
1009 1009 1000 8401 
1006 9680 1001 1007 
1003 1000 1007 1007 
1009 1004 1006 1006 
1004 4110 1003 1002 
1004 1002 1007 1001 
1000 1007 1008 1001 
1001 1008 1006 1006 
1001 1009 1000 1002 
1007 1004 1008 1000 
1005 1009 1008 1006 
1001 1007 1002 1001 
5085 1009 1001 1000 
1003 1001 1000 7102 
1003 1009 1006 1006 
1000 1009 1001 1000 
1000 9629 1008 1001 
1007 6347 1008 1001 
1002 1008 1001 1001 
1008 1008 1002 1005 
1004 1005 1004 6650 
1007 3999 7133 1006 
        
