78 72 34 37
65 26 36 51
20 32 41 92
62 53 17 52
99 39 99 95
15 85 43 87
12 82 86 39
13 18 35 16
59 23 89 62
42 56 19 46
67 12 45 90
94 74 44 41
40 54 86 15
20 61 47 39
35 89 91 52
54 50 11 11
70 36 38 12
12 79 35 46
39 46 96 81
33 25 91 94
35 16 60 27
11 16 77 23
83 40 38 66
30 11 72 71
79 81 47 85
27 56 24 31
97 61 28 42
57 48 91 96
43 17 88 58
89 14 49 34
38 21 49 66
21 68 40 12
22 34 70 63
52 17 43 23
22 13 44 15
25 48 26 65
10 82 40 24
28 73 17 62
32 39 62 87
42 26 51 38
58 31 67 33
27 64 10 29
70 98 13 59
18 50 43 27
15 21 70 90
57 37 61 86
97 28 80 21
13 68 14 84
92 60 24 98
85 99 45 89
13 26 76 80
63 67 41 32
10 53 42 44
30 55 35 93
54 25 41 84
34 66 47 63
57 82 60 83
46 58 50 45
11 93 81 42
58 71 55 95
55 75 60 51
19 64 32 78
98 40 49 69
71 24 94 29
99 77 36 20
52 90 37 69
97 76 18 17
30 97 92 68
28 47 31 59
37 19 74 81
36 45 43 75
88 44 76 86
74 83 93 73
77 49 22 10
56 59 65 64
25 88 30 56
91 31 75 29
14 73 63 19
77 90 27 19
38 23 15 48
69 98 95 53
61 44 75 25
88 32 37 33
51 55 16 83
24 96 84 16
78 53 74 87
18 80 29 78
20 31 46 26
72 72 69 50
66 76 94 79
64 82 85 41
71 95 68 22
92 87 33 18
14 21 93 79
45 23 73 30
29 48 84 57
65 28 22 54
20 14 96 80
36 33 34 67