1006 1007 1003 1009
1007 1004 1002 1002
1000 1004 1004 1002
1004 1004 1002 1004
1003 1001 1006 1009
1001 1002 1002 1000
1000 1005 1001 1006
1009 1004 6650 1002
1004 1008 1008 1004
1007 3173 1008 1007
1004 1004 1006 1001
1000 1003 6384 1005
1008 1007 1007 1005
1001 5798 1006 1002
8679 1001 1007 1009
1002 1006 1004 1009
1006 1002 1005 1002
1003 1004 1007 1005
1000 1007 1008 4265
1005 1007 1005 1004
1008 8876 1002 1007
2125 1002 1001 1000
6347 1001 1008 1006
1002 1005 6767 1002
9680 6526 1004 1006
1002 1004 1002 1001
1001 1004 1000 1004
1009 1007 9234 1001
1001 1000 1000 1000
1006 1000 1001 8401
1003 1009 1007 1007
1009 1000 1006 1007
1004 1004 1003 1006
1004 4110 1007 1002
1000 1002 1008 1001
1001 1007 1006 1001
1001 1008 1000 1006
1007 1009 1008 1002
1005 1004 1008 1000
1001 1009 1002 1006
5085 1007 1001 1001
1003 1009 1000 1000
1003 1001 1006 7102
1000 1009 1001 1006
1000 1009 1008 1000
1007 9629 1008 1001
1002 1008 1001 1001
1008 1008 1002 1001
1004 1005 1004 1005
1007 3999 7133 1006