27798197
27896149
27487841
27855058
27902966
27579642
27451761
27767801
27517831
27458232
27104932
27965583
27752147
27392830
27489328
27600127
27295889
27652229
27928379
27697222
27054309
27557173
27752852
27601965
27870948
27663907
27666821
27528701
27729252
27646219
27830597
27313750
27795916
27844077
27184831
27927903
27298102
27904047
27531283
27498653
27681017
27948673
27557156
27260520
27407470
27520385
27817684
27965474
27678754
27101463
27423452
27472063
27971674
27061703
27751814
27999736
27040935
27857083
27095906
27371539
27427099
27557173
27296584
27552423
27168222
27406123
27401718
27666216
27373716
27413082
27599667
27961028
27536301
27462502
27766214
27513137
27921626
27049780
27310327
27289211
27415724
27269557
27290770
27774730
27652734
27413167
27620388
27731794
27958468
27187949
27253308
27582285
27902622
27036124
27867792
27326174
27851684
27217750
27271238
27353336
27661788
27729936
27755478
27508448
27928660
27033260
27286415
27195036
27535399
27197550
27391923
27159839
27333257
27390628
27419706
27697405
27638996
27595774
27669615
27688533
27823621
27488196
27064813
27417497
27383889
27037051
27388767
27471333
27314057
27489461
27887930
27807744
27501237
27631092
27571378
27186277
27215353
27627110
27595866
27868876
27720189
27292618
27178566
27373983
27845660
27307520
27391051
27437025
27327891
27112950
27051284
27802781
27663888
27165904
27709890
27641258
27298429
27263598
27106719
27877802
27664973
27206631
27236704
27548691
27844768
27533086
27128442
27457508
27032454
27672867
27158778
27964341
27035417
27549880
27053232
27073629
27631391
27166115
27442715
27798263
27078692
27285412
27339886
27697977
27712883
27825553
27646804
27914214
27759685
27096680
27588252
27185371
27052787
27003367
27534538
27313015
27431014
27931544
27106059
27586522
27671220
27721453
27418489
27819810
27598569
27335676
27093701
27487977
27842516
27834499
27366464
27394525
27680699
27252875
27979227
27058178
27840391
27023449
27082652
27947934
27928662
27922939
27760337
27039352
27828974
27825289
27165679
27418203
27939876
27880588
27686747
27205916
27932399
27026143
27356253
27978221
27669618
27272705
27613434
27676842
27025369
27591902
27226340
27160452
27797959
27381454
27708290
27415511
27851445
27543661
27648620
27345186
27794276
27450767
27085283
27434825
27077914
27630602
27966103
27777645
27814838
27298775
27831524
27215861
27176179
27432080
27684363
27420215
27925044
27572141
27680841
27107414
27046355
27768417
27584210
27502657
27908522
27431665
27734172
27682553
27462038
27024213
27893718
27504764
27956671
27273313
27460060
27228497
27231130
27099133
27000137
27742225
27548733
27264757
27032525
27208048
27602934
27320715
27305528
27204703
27154665
27432257
27076827
27065079
27456169
27033066
27831511
27547624
27961783
27936541
27972512
27362958
27805225
27928579
27841110
27839081
27841183
27766105
27734190
27277164
27064076
27951766
27944363
27408245
27761629
27987283
27184383
27896605
27013104
27131887
27174235
27963476
27945776
27829211
27564802
27931811
27368529
27607979
27468803
27605089
27409244
27787603
27967406
27461958
27042606
27176301
27983769
27189395
27680028
27986216
27663611
27135329
27865829
27949442
27680806
27213325
27297232
27880092
27499935
27586075
27858652
27752962
27190124
27169581
27987919
27807365
27153428
27747295
27583701
27146698
27817521
27644800
27923465
27638639
27548562
27600975
27532368
27517283
27908723
27952565
27145842
27553934
27777818
27751589
27614212
27987918
27968395
27737010
27792936
27921450
27769006
27859178
27723865
27410552
27557420
27413109
27120786
27008205
27134685
27511213
27330798
27210583
27814669
27734097
27905143
27348511
27987505
27590978
27592428
27064586
27053661
27884691
27732529
27161827
27777182
27598813
27532904
27958625
27301779
27551861
27163499
27823033
27341960
27761395
27210815
27809911
27555814
27896494
27641388
27057545
27220105
27547496
27504946
27535806
27958155
27396123
27786387
27839614
27614877
27426891
27107310
27808491
27382509
27176716
27458060
27944634
27404074
27113274
27266668
27965835
27332170
27777067
27065864
27279231
27076818
27591368
27321849
27562360
27178942
27531572
27143384
27434061
27250039
27798198
27063390
27357133
27926863
27475710
27741819
27348040
27433371
27885371
27700237
27319012
27951804
27022228
27432886
27028437
27146030
27168298
27981048
27950722
27953389
27197234
27509106
27438548
27127520
27099795
27962409
27536466
27162947
27034960
27879154
27240887
27038497
27897649
27881702
27324409
27679903
27187237