1612
5895
4660
6477
8586
8632
2573
7908
6558
5919
2946
4168
6684
7068
8757
6852
1890
6200
2371
7229
9086
8167
8262
1537
1954
5990
3680
4154
4877
4368
3317
8695
3134
1072
3692
3161
4057
3300
4629
8928
3889
7330
5626
3260
4569
4599
1459
1775
4908
8493
1555
9479
4928
2701
3719
5784
1434
6175
2854
1019
7957
3327
9226
6750
3010
2460
3388
7965
8986
9860
7718
5741
7331
4493
4046
5385
9868
1369
1436
5154
2448
6495
6271
8535
8843
8929
3349
2869
9877
7181
4947
3298
4442
5140
7476
4885
4114
7650
5204
2717
4164
8060
8598
2189
9648
5414
8505
6519
1230
3372
3176
3603
6210
9162
8631
2872
4535
9940
2013
8602
3513
4871
5107
8940
2957
4844
9657
8388
9698
3631
9701
2351
8542
9522
1100
2782
8362
5440
9396
8757
4819
6199
3903
7666
6583
1674
5855
6487
6782
7546
3463
7854
8624
9687
5667
2506
6380
5529
8110
8961
1842
7343
5081
5818
9721
4121
7160
8833
2786
5464
8624
4203
4861
1777
9012
8613
8558
2962
5405
2743
4936
6195
9527
2522
3573
7642
4539
3397
8867
1659
6180
3077
1359
2559
5161
9614
4044
9404
1691
3863